F91 leg A  jd=2461233.5  reference=Earth  expect=post  locale=en
body                RA_old      RA_new      DE_old      DE_new    sep_prt      dSA"     dGHA"     dLHA"     dLPA"
Adrastea        124.925000  124.925000   20.028889   20.028889   0.000000      0.00      0.00      0.00      0.00
Amalthea        124.937500  124.937500   20.026667   20.026667   0.000000      0.00      0.00      0.00      0.00
Ananke          125.095833  125.095833   19.165278   19.165278   0.000000      0.00      0.00      0.00      0.00
Ariel            62.275000   62.275000   20.832500   20.832500   0.000001      0.00      0.00      0.00      0.00
Arrokoth         26.466667   26.466667    9.021667    9.021667   0.000000      0.00      0.00      0.00      0.00
Belinda          62.283333   62.283333   20.834722   20.834722   0.000001      0.00      0.00      0.00      0.00
Caliban          62.366667   62.366667   20.801944   20.801944   0.000000      0.00      0.00      0.00      0.00
Callisto        124.995833  124.995833   20.010000   20.010000   0.000001      0.00      0.00      0.00      0.00
Carme           124.529167  124.529167   20.009722   20.009722   0.000000      0.00      0.00      0.00      0.00
Ceres            78.075000   78.075000   21.146667   21.146667   0.000000      0.00      0.00      0.00      0.00
Charon          308.075000  308.075000  -23.223056  -23.223056   0.000000      0.00      0.00      0.00      0.00
Daphnis          14.350000   14.350000    3.492778    3.492778   0.000001      0.00      0.00      0.00      0.00
Deimos           67.666667   67.666667   21.679444   21.679444   0.000000      0.00      0.00      0.00      0.00
Despina           4.591667    4.591667    0.488333    0.488333   0.000000      0.00      0.00      0.00      0.00
Dione            14.333333   14.333333    3.494722    3.494722   0.000001      0.00      0.00      0.00      0.00
Earth           115.275000  115.275000  -43.300000  -43.300000   0.000001      0.00      0.00      0.00      0.00
Elara           124.158333  124.158333   19.813333   19.813333   0.000000      0.00      0.00      0.00      0.00
Enceladus        14.341667   14.341667    3.495278    3.495278   0.000001      0.00      0.00      0.00      0.00
Epimetheus       14.350000   14.350000    3.494444    3.494444   0.000001      0.00      0.00      0.00      0.00
Eris             27.820833   27.295833    0.280833   -0.797222   1.199089   1886.00   1887.00   1887.00   1887.00
Europa          124.937500  124.937500   20.026111   20.026111   0.000001      0.00      0.00      0.00      0.00
Galatea           4.591667    4.591667    0.488611    0.488611   0.000000      0.00      0.00      0.00      0.00
Ganymede        124.958333  124.958333   20.019722   20.019722   0.000000      0.00      0.00      0.00      0.00
Goldilocks_Zone  111.312500  111.312500   21.988889   21.988889   0.000000      0.00      0.00      0.00      0.00
Halimede          4.491667    4.491667    0.581944    0.581944   0.000001      0.00      0.00      0.00      0.00
Haumea          216.258333  216.258333   15.597500   15.597500   0.000000      0.00      0.00      0.00      0.00
Helene           14.362500   14.362500    3.492500    3.492500   0.000001      0.00      0.00      0.00      0.00
Hiiaka          216.258333  216.258333   15.597778   15.597778   0.000000      0.00      0.00      0.00      0.00
Himalia         124.495833  124.495833   20.222778   20.222778   0.000000      0.00      0.00      0.00      0.00
Hydra_          308.075000  308.075000  -23.223333  -23.223333   0.000000      0.00      0.00      0.00      0.00
Hyperion         14.358333   14.358333    3.501667    3.501667   0.000000      0.00      0.00      0.00      0.00
Iapetus          14.212500   14.212500    3.474722    3.474722   0.000001      0.00      0.00      0.00      0.00
Io              124.945833  124.945833   20.023889   20.023889   0.000001      0.00      0.00      0.00      0.00
Janus            14.341667   14.341667    3.493889    3.493889   0.000000      0.00      0.00      0.00      0.00
Juliet           62.279167   62.279167   20.834722   20.834722   0.000001      0.00      0.00      0.00      0.00
Juno            214.641667  214.641667   -0.433611   -0.433611   0.000000      0.00      0.00      0.00      0.00
Jupiter         124.933333  124.933333   20.027222   20.027222   0.000001      0.00      0.00      0.00      0.00
Kerberos        308.075000  308.075000  -23.223056  -23.223056   0.000000      0.00      0.00      0.00      0.00
Laomedeia         4.691667    4.691667    0.326111    0.326111   0.000001      0.00      0.00      0.00      0.00
Larissa           4.591667    4.591667    0.488889    0.488889   0.000000      0.00      0.00      0.00      0.00
Leda            124.275000  124.275000   20.305556   20.305556   0.000001      0.00      0.00      0.00      0.00
Lysithea        125.566667  125.566667   19.854167   19.854167   0.000000      0.00      0.00      0.00      0.00
Makemake        197.337500  197.337500   22.805000   22.805000   0.000000      0.00      0.00      0.00      0.00
Mars             67.662500   67.662500   21.679167   21.679167   0.000000      0.00      0.00      0.00      0.00
Mercury         112.341667  112.341667   17.041111   17.041111   0.000000      0.00      0.00      0.00      0.00
Metis           124.933333  124.933333   20.027222   20.027222   0.000001      0.00      0.00      0.00      0.00
Mimas            14.350000   14.350000    3.492500    3.492500   0.000001      0.00      0.00      0.00      0.00
Miranda          62.279167   62.279167   20.836944   20.836944   0.000001      0.00      0.00      0.00      0.00
Moon             74.395833   74.395833   26.743056   26.743056   0.000000      0.00      0.00      0.00      0.00
Naiad             4.591667    4.591667    0.488056    0.488056   0.000000      0.00      0.00      0.00      0.00
Namaka          216.258333  216.258333   15.597500   15.597500   0.000000      0.00      0.00      0.00      0.00
Neptune           4.591667    4.591667    0.488333    0.488333   0.000000      0.00      0.00      0.00      0.00
Neried            4.695833    4.695833    0.545833    0.545833   0.000000      0.00      0.00      0.00      0.00
Neso              4.670833    4.670833    0.137778    0.137778   0.000001      0.00      0.00      0.00      0.00
Nix             308.075000  308.075000  -23.222778  -23.222778   0.000000      0.00      0.00      0.00      0.00
Oberon           62.270833   62.270833   20.827500   20.827500   0.000001      0.00      0.00      0.00      0.00
Pallas          251.545833  251.545833   23.690278   23.690278   0.000001      1.00      0.00      0.00      0.00
Pan              14.345833   14.345833    3.494444    3.494444   0.000000      0.00      0.00      0.00      0.00
Pandora          14.341667   14.341667    3.494444    3.494444   0.000001      0.00      0.00      0.00      0.00
Pasiphae        124.837500  124.837500   20.752500   20.752500   0.000000      0.00      0.00      0.00      0.00
Phobos           67.662500   67.662500   21.679167   21.679167   0.000000      0.00      0.00      0.00      0.00
Pluto           308.075000  308.075000  -23.223333  -23.223333   0.000000      0.00      0.00      0.00      0.00
Portia           62.279167   62.279167   20.834444   20.834444   0.000000      0.00      0.00      0.00      0.00
Prometheus       14.345833   14.345833    3.492778    3.492778   0.000000      0.00      0.00      0.00      0.00
Prospero         62.337500   62.337500   20.992222   20.992222   0.000000      0.00      0.00      0.00      0.00
Proteus           4.591667    4.591667    0.489167    0.489167   0.000000      0.00      0.00      0.00      0.00
Psamathe          4.862500    4.862500    0.663333    0.663333   0.000000      0.00      0.00      0.00      0.00
Puck             62.279167   62.279167   20.833611   20.833889   0.000278      0.00      0.00      0.00      0.00
Rhea             14.362500   14.362500    3.490278    3.490278   0.000000      0.00      0.00      0.00      0.00
Rosalind         62.279167   62.279167   20.833333   20.833333   0.000001      0.00      0.00      0.00      0.00
Sao               4.379167    4.379167    0.267500    0.267500   0.000000      0.00      0.00      0.00      0.00
Saturn           14.345833   14.345833    3.493611    3.493611   0.000000      0.00      0.00      0.00      0.00
Sedna            62.166667   62.166667    9.006667    9.006667   0.000001      0.00      0.00      0.00      0.00
Setebos          62.116667   62.116667   20.688056   20.688056   0.000000      0.00      0.00      0.00      0.00
Sinope          125.283333  125.283333   20.373611   20.373611   0.000000      0.00      0.00      0.00      0.00
Solar_System    111.312500  111.312500   21.988889   21.988889   0.000000      0.00      0.00      0.00      0.00
Styx            308.075000  308.075000  -23.223611  -23.223611   0.000000      0.00      0.00      0.00      0.00
Sun             111.312500  111.312500   21.988889   21.988889   0.000000      0.00      0.00      0.00      0.00
Sycorax          62.262500   62.262500   20.837778   20.837778   0.000000      0.00      0.00      0.00      0.00
Telesto          14.350000   14.350000    3.495556    3.495556   0.000000      0.00      0.00      0.00      0.00
Tethys           14.345833   14.345833    3.491944    3.491944   0.000000      0.00      0.00      0.00      0.00
Thalassa          4.591667    4.591667    0.488611    0.488611   0.000000      0.00      0.00      0.00      0.00
Thebe           124.933333  124.933333   20.026944   20.026944   0.000000      0.00      0.00      0.00      0.00
Titan            14.329167   14.329167    3.486944    3.486944   0.000001      0.00      0.00      0.00      0.00
Titania          62.275000   62.275000   20.827778   20.827778   0.000001      0.00      0.00      0.00      0.00
Triton            4.591667    4.591667    0.484444    0.484444   0.000000      0.00      0.00      0.00      0.00
Umbriel          62.275000   62.275000   20.833333   20.833333   0.000000      0.00      0.00      0.00      0.00
Uranus           62.279167   62.279167   20.834722   20.834722   0.000001      0.00      0.00      0.00      0.00
Venus           154.987500  154.987500   11.820556   11.820556   0.000001      0.00      0.00      0.00      0.00
Vesta            51.362500   51.362500   12.642222   12.642222   0.000000      0.00      0.00      0.00      0.00
