1788083243.640820823 2
1788083245.657235722 2
1788083247.673862681 2
1788083249.690897223 2
1788083251.707213729 2
1788083253.724356080 2
1788083255.741389531 2
1788083257.758803084 2
1788083259.775292767 2
1788083261.792503689 2
1788083263.809510253 2
1788083265.826118879 2
1788083267.842301794 2
1788083269.859225975 2
1788083271.876869210 2
1788083273.894555227 2
1788083275.910852439 2
1788083277.927015323 2
1788083279.944704137 2
1788083281.961425730 2
1788083283.978522666 2
1788083285.994745715 2
1788083288.011824794 2
1788083290.028653310 2
1788083292.045719595 2
1788083294.063202267 2
1788083296.080429455 2
1788083298.098085456 2
1788083300.114791750 2
1788083302.131777988 2
1788083304.149325597 2
1788083306.166135603 2
1788083308.183196651 2
1788083310.199338988 2
1788083312.216516520 1
1788083314.232982166 0
1788083316.249893317 0
1788083318.266692862 0
1788083320.283223028 0
1788083322.300382651 0
1788083324.317432863 0
1788083326.334649809 0
1788083328.351962316 0
1788083330.368922599 0
1788083332.385833744 0
1788083334.402328425 0
1788083336.419274881 0
1788083338.435877470 0
1788083340.452230866 0
1788083342.467988043 0
1788083344.484509348 0
1788083346.501172543 0
1788083348.517928291 0
1788083350.534741229 0
1788083352.552142687 0
1788083354.568991155 0
1788083356.585206209 0
1788083358.600856230 0
1788083360.616849704 0
1788083362.633673259 0
1788083364.650772550 0
1788083366.666394650 0
1788083368.683619802 0
1788083370.699876431 0
1788083372.716968330 0
1788083374.732873318 0
1788083376.749341720 0
1788083378.765901315 0
1788083380.782668349 0
1788083382.799132711 0
1788083384.816661982 0
1788083386.834159536 0
1788083388.851089836 0
1788083390.868123009 0
1788083392.886021610 0
1788083394.903316487 0
1788083396.919737157 0
1788083398.935646966 0
1788083400.952633566 0
1788083402.969626070 0
1788083404.985632096 0
1788083407.002977343 0
1788083409.020070272 0
1788083411.036935178 0
1788083413.054474564 0
1788083415.071201458 0
1788083417.088150711 0
1788083419.104799011 0
1788083421.120682860 0
1788083423.137601532 0
1788083425.154216680 0
1788083427.170231591 0
1788083429.187135663 0
1788083431.203735830 0
1788083433.220463388 0
1788083435.237328214 0
1788083437.254584482 0
1788083439.270968546 0
1788083441.286224398 0
1788083443.303271414 0
1788083445.319798562 0
1788083447.336853797 0
1788083449.355019726 0
1788083451.371306243 0
1788083453.388684689 0
1788083455.405455181 0
1788083457.422834141 0
1788083459.439880665 0
1788083461.456342299 0
1788083463.473885463 0
1788083465.490632325 0
1788083467.507128631 0
1788083469.523374213 0
1788083471.539996589 0
1788083473.556457165 0
1788083475.573204850 0
1788083477.589302734 0
1788083479.606127918 0
1788083481.622170531 0
1788083483.637600537 0
1788083485.653175255 0
1788083487.669695218 0
1788083489.686313266 0
1788083491.701587610 0
1788083493.719138693 0
1788083495.736162544 0
1788083497.752326865 0
1788083499.769014844 0
1788083501.784990226 0
1788083503.801157760 0
1788083505.817901089 0
1788083507.835138632 0
1788083509.852811118 0
1788083511.869481878 0
1788083513.886773277 0
1788083515.904224446 0
1788083517.921205632 0
1788083519.938267569 0
1788083521.954309196 0
1788083523.971390735 0
1788083525.988035210 0
1788083528.004652707 0
1788083530.021438520 0
1788083532.038451419 0
1788083534.054470887 0
1788083536.070730885 0
1788083538.086635833 0
1788083540.103502417 0
1788083542.119851768 0
1788083544.137025345 0
1788083546.154226008 0
1788083548.171090415 0
1788083550.188025818 0
1788083552.203813080 0
1788083554.221664003 0
1788083556.238819291 0
1788083558.256043640 0
1788083560.272912788 0
1788083562.289411768 0
1788083564.306043016 0
1788083566.322883546 0
1788083568.339051103 0
1788083570.354899717 0
1788083572.371503542 0
1788083574.387668810 0
1788083576.404721325 0
1788083578.421553711 0
1788083580.438211093 0
1788083582.454876732 0
1788083584.472594244 0
1788083586.488827000 0
1788083588.505091837 0
1788083590.521717819 0
1788083592.538633894 0
1788083594.555627996 0
1788083596.571965215 0
1788083598.589319012 0
1788083600.606035562 0
1788083602.621786513 0
1788083604.639042633 0
1788083606.655031862 0
1788083608.672469342 0
1788083610.689352121 0
1788083612.706256322 0
1788083614.723132852 0
1788083616.739960443 0
1788083618.755938362 0
1788083620.772649799 0
1788083622.787851433 0
1788083624.804851122 0
1788083626.822359541 0
1788083628.839183475 0
1788083630.855505355 0
1788083632.871860508 0
1788083634.888847402 0
1788083636.904657802 0
1788083638.921571192 0
1788083640.938782048 0
1788083642.955845841 0
1788083644.972759616 0
1788083646.988970221 0
1788083649.007963187 0
1788083651.024243015 0
1788083653.043039678 0
1788083655.071344334 0
1788083657.088941253 0
1788083659.106210913 0
1788083661.122831163 0
1788083663.138953276 0
1788083665.155622631 0
1788083667.171472921 0
1788083669.188467295 0
1788083671.205072286 0
1788083673.220955762 0
1788083675.237431002 0
1788083677.254496876 0
1788083679.271450271 0
1788083681.288258257 0
1788083683.303578701 0
1788083685.320021338 0
1788083687.336524230 0
1788083689.353240901 0
1788083691.370240331 0
1788083693.385758761 0
1788083695.401948294 0
1788083697.418778403 0
1788083699.436153510 0
1788083701.451744070 0
1788083703.468135004 0
1788083705.485231195 0
1788083707.502384314 0
1788083709.519442266 0
1788083711.536576493 0
1788083713.552188721 0
1788083715.569019815 0
1788083717.584970899 0
1788083719.601717298 0
1788083721.619359569 0
1788083723.636680492 0
1788083725.654209033 0
1788083727.670291509 0
1788083729.687239430 0
1788083731.704376776 0
1788083733.720575944 0
1788083735.737633986 0
1788083737.754190583 0
1788083739.771149542 0
1788083741.788358929 0
1788083743.805974124 0
1788083745.821911632 0
1788083747.837632136 0
1788083749.853903800 0
1788083751.871078238 0
1788083753.888037357 0
1788083755.904849533 0
1788083757.921585367 0
1788083759.938496200 0
1788083761.955858368 0
1788083763.972965368 0
1788083765.990214736 0
1788083768.007224217 0
1788083770.023858610 0
1788083772.041033341 0
1788083774.057429693 0
1788083776.074299108 0
1788083778.090446397 0
1788083780.106627291 0
1788083782.123008359 0
1788083784.139488783 0
1788083786.154782075 0
1788083788.171577570 0
1788083790.188700827 0
1788083792.205617981 0
1788083794.222103811 0
1788083796.238653472 0
1788083798.255183801 0
1788083800.272144401 0
1788083802.288470068 0
1788083804.304422980 0
1788083806.320084731 0
1788083808.336528131 0
1788083810.353288243 0
1788083812.371656225 0
1788083814.388372668 0
1788083816.404628502 0
1788083818.420948868 0
1788083820.438306741 0
1788083822.454178012 0
1788083824.471248350 0
1788083826.487909857 0
1788083828.504963607 0
1788083830.521340506 0
1788083832.538509272 0
1788083834.555682088 0
1788083836.572069489 0
1788083838.588310338 0
1788083840.605931693 0
1788083842.623383052 0
1788083844.641047911 0
1788083846.657129537 0
1788083848.674083292 0
1788083850.690895593 0
1788083852.707636202 0
1788083854.723271371 0
1788083856.740438120 0
1788083858.757319874 0
1788083860.773714692 0
1788083862.790974612 0
1788083864.809120178 0
1788083866.826421670 0
1788083868.844164424 0
1788083870.861650030 0
1788083872.879588724 0
1788083874.897350590 0
1788083876.915155305 0
1788083878.932973818 0
1788083880.950103918 0
1788083882.966966099 0
1788083884.983516341 0
1788083887.001528980 0
1788083889.019809037 0
1788083891.036908185 0
1788083893.054492549 0
1788083895.071081609 0
1788083897.088276507 0
1788083899.106099767 0
1788083901.123698058 0
1788083903.141329667 0
1788083905.159549552 0
1788083907.176774171 0
1788083909.192952341 0
1788083911.209992620 0
1788083913.226599734 0
1788083915.242902058 0
1788083917.260726421 0
1788083919.277688777 0
1788083921.294908512 0
1788083923.312352247 0
1788083925.329799379 0
1788083927.346733974 0
1788083929.363491984 0
1788083931.380945752 0
1788083933.397863333 0
1788083935.415474684 0
1788083937.433176458 0
1788083939.450681737 0
1788083941.467147530 0
1788083943.483363908 0
1788083945.499875485 0
1788083947.516628295 0
1788083949.533685502 0
1788083951.551612703 0
1788083953.569088455 0
1788083955.586758847 0
1788083957.603871572 0
1788083959.621582232 0
1788083961.639029932 0
1788083963.655862531 0
1788083965.672495253 0
1788083967.689423898 0
1788083969.706724917 0
1788083971.724239385 0
1788083973.741193634 0
1788083975.758446696 0
1788083977.775446096 0
1788083979.792621667 0
1788083981.810217161 0
1788083983.827055955 0
1788083985.843363507 0
1788083987.860713937 0
1788083989.878337597 0
1788083991.895770752 0
1788083993.912657678 0
1788083995.930728626 0
1788083997.948147258 0
1788083999.965914797 0
1788084001.983483579 0
1788084004.001657349 0
1788084006.017674700 0
1788084008.034827158 0
1788084010.051970622 0
1788084012.069495618 0
1788084014.086807905 0
1788084016.104633271 0
1788084018.122492304 0
1788084020.139350509 0
1788084022.157231141 0
1788084024.174501128 0
1788084026.191693628 0
1788084028.209200316 0
1788084030.226891728 0
1788084032.243594878 0
1788084034.260633875 0
1788084036.277599037 0
1788084038.294953354 0
1788084040.311717949 0
1788084042.328554603 0
1788084044.345338059 0
1788084046.362732375 0
1788084048.379568881 0
1788084050.396372426 0
1788084052.414149056 0
1788084054.431530942 0
1788084056.449182751 0
1788084058.466596427 0
1788084060.483982879 0
1788084062.501530817 0
1788084064.519214385 0
1788084066.535985186 0
1788084068.552816809 0
1788084070.570242944 0
1788084072.587147024 0
1788084074.604315466 0
1788084076.621906208 0
1788084078.639816226 0
1788084080.657500966 0
1788084082.674601593 0
1788084084.691958492 0
1788084086.708702608 0
1788084088.725644865 0
1788084090.742287405 0
1788084092.757994035 0
1788084094.774673685 0
1788084096.791827388 0
1788084098.809480132 0
1788084100.826620051 0
1788084102.843373278 0
1788084104.861338177 0
1788084106.878783207 0
1788084108.895662862 0
1788084110.913804223 0
1788084112.930328738 0
1788084114.947216220 0
1788084116.964140431 0
1788084118.982440623 0
1788084121.000762313 0
1788084123.018419564 0
1788084125.035766624 0
1788084127.053072829 0
1788084129.070806084 0
1788084131.087870689 0
1788084133.105947870 0
1788084135.123520585 0
1788084137.141294469 0
1788084139.158212207 0
1788084141.176125081 0
1788084143.193017590 0
1788084145.210077686 0
1788084147.227212478 0
1788084149.245205904 0
1788084151.262355017 0
1788084153.280288241 0
1788084155.297687128 0
1788084157.313939921 0
1788084159.329835681 0
1788084161.347624778 0
1788084163.365112493 0
1788084165.382114175 0
1788084167.399544636 0
1788084169.416743196 0
1788084171.434085497 0
1788084173.451746297 0
1788084175.468429337 0
1788084177.485539216 0
1788084179.502451346 0
1788084181.518707782 0
1788084183.535287868 0
1788084185.552556705 0
1788084187.570273239 0
1788084189.587584135 0
1788084191.605127093 0
1788084193.622248644 0
1788084195.639591030 0
1788084197.655978163 0
1788084199.673168816 0
1788084201.690071874 0
1788084203.707125572 0
1788084205.723265817 0
1788084207.740918945 0
1788084209.758865929 0
